0,2,5
1,2,6,true
0,4,3
1,5,2,false
0,8,11
1,9,10,false
0,9,17
1,8,16,false
0,2,19
1,2,18,true
0,2,22
1,2,23,true
0,7,27
1,6,26,true
0,9,34
1,8,34,false
0,12,39
1,13,38,false
0,18,32
1,18,33,true
0,19,24
1,18,23,true
0,15,4
1,14,5,true
0,16,2
1,17,2,false
0,23,9
1,22,8,true
0,22,14
1,21,14,false
0,23,22
1,22,23,true
0,25,34
1,24,34,false
0,28,32
1,29,32,false
0,28,24
1,29,24,false
0,26,12
1,26,13,true
0,31,2
1,30,2,false
0,36,2
1,37,2,false
0,32,14
1,33,14,false
0,39,14
1,38,15,true
0,36,24
1,37,24,false
0,34,27
1,34,28,true
0,35,38
1,34,37,true
0,39,36
1,38,37,true
2,7,2,false
2,2,8,true
2,11,6,false
2,13,12,false
2,18,7,true
2,2,15,true
2,6,19,true
2,2,29,true
2,2,35,true
2,6,36,true
2,14,36,true
2,18,36,true
2,14,30,true
2,12,24,false
2,12,20,false
2,16,16,false
2,26,16,true
2,26,6,false
2,26,20,false
2,27,2,false
2,38,5,true
2,34,12,true
2,36,18,false
2,38,22,true
2,38,27,true
2,30,24,false
2,31,28,false
2,34,29,true
2,22,32,true
2,23,38,false
2,30,35,true
2,18,22,true
2,36,34,false
3,41,38