0,5,2
1,6,2,false
0,20,2
1,21,2,false
0,31,3
1,32,2,false
0,3,4
1,2,5,true
0,15,4
1,14,5,true
0,39,5
1,38,6,true
0,20,6
1,21,6,false
0,29,6
1,30,6,false
0,27,9
1,26,10,true
0,2,12
1,2,13,true
0,29,14
1,30,14,false
0,39,16
1,38,17,true
0,19,17
1,18,16,true
0,33,18
1,32,18,false
0,8,19
1,9,18,false
0,23,19
1,22,18,true
0,15,20
1,14,21,true
0,9,22
1,8,22,false
0,2,25
1,2,24,true
0,25,27
1,24,26,false
0,31,29
1,30,28,true
0,5,30
1,4,30,false
0,21,30
1,20,30,false
0,28,30
1,27,30,false
0,6,32
1,6,33,true
0,35,32
1,34,33,true
0,39,32
1,38,33,true
0,17,34
1,18,34,false
0,11,36
1,10,37,true
0,27,37
1,26,36,true
0,31,39
1,32,38,false
2,9,2,false
2,23,2,false
2,35,2,false
2,12,6,false
2,22,6,false
2,6,8,true
2,34,8,true
2,38,8,true
2,22,12,true
2,4,14,false
2,14,14,false
2,34,14,false
2,26,17,true
2,11,18,false
2,38,20,true
2,2,21,true
2,34,21,true
2,18,22,false
2,28,22,false
2,6,24,true
2,16,26,false
2,16,30,false
2,25,30,false
2,2,32,true
2,8,34,false
2,21,34,false
2,28,34,false
2,34,34,true
2,38,34,true
2,6,38,false
2,14,38,false
2,33,38,false
3,41,38