0,4,3
1,5,2,false
0,24,3
1,25,2,false
0,15,5
1,14,4,true
0,24,7
1,25,6,false
0,30,8
1,30,9,true
0,4,11
1,5,10,false
0,2,17
1,2,18,true
0,8,14
1,9,14,false
0,16,15
1,17,14,false
0,22,16
1,22,17,true
0,14,17
1,14,18,true
0,8,19
1,9,18,false
0,30,22
1,30,23,true
0,23,29
1,22,28,true
0,8,30
1,7,30,false
0,29,30
1,30,30,false
0,15,31
1,16,30,false
2,8,2,false
2,26,2,false
2,12,6,false
2,18,7,true
2,30,14,true
2,30,15,true
2,10,13,true
2,25,14,false
2,2,20,true
2,10,20,true
2,14,20,true
2,22,21,true
2,6,26,false
2,7,26,false
2,18,26,true
2,18,27,true
2,25,26,false
2,30,26,true
2,30,27,true
2,17,30,false
3,33,30