0,4,3
1,5,2,false
0,4,9
1,5,8,false
0,2,10
1,2,11,true
0,2,23
1,2,24,true
0,8,17
1,8,18,true
0,8,27
1,9,26,false
0,15,27
1,14,28,true
0,16,3
1,17,2,false
0,14,6
1,15,6,false
0,18,16
1,17,16,false
0,17,22
1,16,22,false
0,19,24
1,18,25,true
0,22,15
1,22,14,true
0,24,9
1,25,8,false
0,27,4
1,28,4,false
0,29,17
1,28,16,false
0,31,18
1,30,19,true
0,29,26
1,28,26,false
0,25,30
1,26,30,false
2,4,14,true
2,2,25,true
2,6,23,true
2,10,25,true
2,12,20,false
2,20,5,true
2,22,12,true
2,22,23,true
2,26,20,true
2,30,20,true
2,30,12,true
2,30,7,true
2,30,2,true
2,8,4,false
2,8,8,false
2,18,12,false
2,16,16,false
2,16,30,false
2,20,26,false
2,28,30,false
2,11,30,false
3,33,30